nv 0 0 0 0
0.000000 68 1 84
1.000000 68 2 85
2.000000 68 3 87
3.000000 69 5 88
4.000000 69 6 90
5.000000 69 8 91
6.000000 70 9 92
7.000000 70 11 94
8.000000 70 12 95
9.000000 70 14 97
10.000000 71 15 98
11.000000 71 17 99
12.000000 71 18 101
13.000000 71 20 102
14.000000 71 21 103
15.000000 71 22 105
16.000000 71 24 106
17.000000 72 25 107
18.000000 72 26 108
19.000000 72 28 110
20.000000 72 29 111
21.000000 72 30 112
22.000000 72 32 113
23.000000 72 33 114
24.000000 72 34 115
25.000000 72 35 116
26.000000 71 37 117
27.000000 71 38 118
28.000000 71 39 119
29.000000 71 40 120
30.000000 71 42 121
31.000000 71 43 122
32.000000 71 44 123
33.000000 70 45 124
34.000000 70 47 124
35.000000 70 48 125
36.000000 70 49 126
37.000000 69 50 127
38.000000 69 52 127
39.000000 69 53 128
40.000000 69 54 129
41.000000 68 55 129
42.000000 68 57 130
43.000000 67 58 131
44.000000 67 59 131
45.000000 67 60 132
46.000000 66 61 132
47.000000 66 62 133
48.000000 66 64 133
49.000000 65 65 134
50.000000 65 66 134
51.000000 64 67 135
52.000000 64 68 135
53.000000 63 69 135
54.000000 63 71 136
55.000000 62 72 136
56.000000 62 73 137
57.000000 61 74 137
58.000000 61 75 137
59.000000 61 76 137
60.000000 60 77 138
61.000000 60 78 138
62.000000 59 80 138
63.000000 59 81 138
64.000000 58 82 139
65.000000 58 83 139
66.000000 57 84 139
67.000000 57 85 139
68.000000 56 86 139
69.000000 56 87 140
70.000000 55 88 140
71.000000 55 89 140
72.000000 54 90 140
73.000000 54 91 140
74.000000 53 92 140
75.000000 53 93 140
76.000000 52 94 141
77.000000 52 95 141
78.000000 51 96 141
79.000000 51 97 141
80.000000 50 98 141
81.000000 50 99 141
82.000000 49 100 141
83.000000 49 101 141
84.000000 49 102 141
85.000000 48 103 141
86.000000 48 104 141
87.000000 47 105 141
88.000000 47 106 141
89.000000 46 107 142
90.000000 46 108 142
91.000000 46 109 142
92.000000 45 110 142
93.000000 45 111 142
94.000000 44 112 142
95.000000 44 113 142
96.000000 44 114 142
97.000000 43 115 142
98.000000 43 116 142
99.000000 42 117 142
100.000000 42 118 142
101.000000 42 119 142
102.000000 41 120 142
103.000000 41 121 142
104.000000 40 122 142
105.000000 40 122 142
106.000000 40 123 142
107.000000 39 124 142
108.000000 39 125 142
109.000000 39 126 142
110.000000 38 127 142
111.000000 38 128 142
112.000000 38 129 142
113.000000 37 130 142
114.000000 37 131 141
115.000000 36 132 141
116.000000 36 133 141
117.000000 36 134 141
118.000000 35 135 141
119.000000 35 136 141
120.000000 35 137 141
121.000000 34 137 141
122.000000 34 138 141
123.000000 34 139 141
124.000000 33 140 141
125.000000 33 141 140
126.000000 33 142 140
127.000000 32 143 140
128.000000 32 144 140
129.000000 32 145 140
130.000000 31 146 140
131.000000 31 147 139
132.000000 31 148 139
133.000000 31 149 139
134.000000 31 150 139
135.000000 30 151 138
136.000000 30 152 138
137.000000 30 153 138
138.000000 30 153 138
139.000000 30 154 137
140.000000 30 155 137
141.000000 30 156 137
142.000000 30 157 136
143.000000 30 158 136
144.000000 30 159 136
145.000000 30 160 135
146.000000 31 161 135
147.000000 31 162 134
148.000000 31 163 134
149.000000 32 164 133
150.000000 32 165 133
151.000000 33 166 133
152.000000 33 167 132
153.000000 34 167 132
154.000000 35 168 131
155.000000 35 169 130
156.000000 36 170 130
157.000000 37 171 129
158.000000 38 172 129
159.000000 39 173 128
160.000000 40 174 127
161.000000 41 175 127
162.000000 42 176 126
163.000000 43 177 125
164.000000 44 177 125
165.000000 46 178 124
166.000000 47 179 123
167.000000 48 180 122
168.000000 50 181 122
169.000000 51 182 121
170.000000 53 183 120
171.000000 54 184 119
172.000000 56 185 118
173.000000 57 185 118
174.000000 59 186 117
175.000000 61 187 116
176.000000 62 188 115
177.000000 64 189 114
178.000000 66 190 113
179.000000 68 190 112
180.000000 69 191 111
181.000000 71 192 110
182.000000 73 193 109
183.000000 75 194 108
184.000000 77 194 107
185.000000 79 195 105
186.000000 81 196 104
187.000000 83 197 103
188.000000 85 198 102
189.000000 87 198 101
190.000000 89 199 100
191.000000 91 200 98
192.000000 94 201 97
193.000000 96 201 96
194.000000 98 202 95
195.000000 100 203 93
196.000000 103 204 92
197.000000 105 204 91
198.000000 107 205 89
199.000000 109 206 88
200.000000 112 206 86
201.000000 114 207 85
202.000000 116 208 84
203.000000 119 208 82
204.000000 121 209 81
205.000000 124 210 79
206.000000 126 210 78
207.000000 129 211 76
208.000000 131 211 75
209.000000 134 212 73
210.000000 136 213 71
211.000000 139 213 70
212.000000 141 214 68
213.000000 144 214 67
214.000000 146 215 65
215.000000 149 215 63
216.000000 151 216 62
217.000000 154 216 60
218.000000 157 217 58
219.000000 159 217 56
220.000000 162 218 55
221.000000 165 218 53
222.000000 167 219 51
223.000000 170 219 50
224.000000 173 220 48
225.000000 175 220 46
226.000000 178 221 44
227.000000 181 221 43
228.000000 183 221 41
229.000000 186 222 39
230.000000 189 222 38
231.000000 191 223 36
232.000000 194 223 34
233.000000 197 223 33
234.000000 199 224 31
235.000000 202 224 30
236.000000 205 224 29
237.000000 207 225 28
238.000000 210 225 27
239.000000 212 225 26
240.000000 215 226 25
241.000000 218 226 24
242.000000 220 226 24
243.000000 223 227 24
244.000000 225 227 24
245.000000 228 227 24
246.000000 231 228 25
247.000000 233 228 25
248.000000 236 228 26
249.000000 238 229 27
250.000000 241 229 28
251.000000 243 229 30
252.000000 246 230 31
253.000000 248 230 33
254.000000 250 230 34
255.000000 253 231 36
