nv 0 0 0 0
0.998999 68 1 84
1.000000 68 1 84
1.253253 68 1 84
1.506507 68 1 84
1.759760 68 1 84
2.013013 68 2 85
2.266266 68 2 85
2.519520 68 2 85
2.772773 68 2 85
3.026026 68 3 87
3.279279 68 3 87
3.532533 68 3 87
3.785786 68 3 87
4.039039 69 5 88
4.292292 69 5 88
4.545546 69 5 88
4.798799 69 5 88
5.052052 69 6 90
5.305305 69 6 90
5.558559 69 6 90
5.811812 69 6 90
6.065065 69 8 91
6.318318 69 8 91
6.571572 69 8 91
6.824825 69 8 91
7.078078 70 9 92
7.331331 70 9 92
7.584585 70 9 92
7.837838 70 9 92
8.091091 70 11 94
8.344344 70 11 94
8.597598 70 11 94
8.850851 70 11 94
9.104104 70 12 95
9.357357 70 12 95
9.610611 70 12 95
9.863864 70 12 95
10.117117 70 14 97
10.370370 70 14 97
10.623624 70 14 97
10.876877 70 14 97
11.130130 71 15 98
11.383383 71 15 98
11.636637 71 15 98
11.889890 71 17 99
12.143143 71 17 99
12.396396 71 17 99
12.649650 71 17 99
12.902903 71 18 101
13.156156 71 18 101
13.409409 71 18 101
13.662663 71 18 101
13.915916 71 20 102
14.169169 71 20 102
14.422422 71 20 102
14.675676 71 20 102
14.928929 71 21 103
15.182182 71 21 103
15.435435 71 21 103
15.688689 71 21 103
15.941942 71 22 105
16.195195 71 22 105
16.448448 71 22 105
16.701702 71 22 105
16.954955 71 24 106
17.208208 71 24 106
17.461461 71 24 106
17.714715 71 24 106
17.967968 72 25 107
18.221221 72 25 107
18.474474 72 25 107
18.727728 72 25 107
18.980981 72 26 108
19.234234 72 26 108
19.487487 72 26 108
19.740741 72 26 108
19.993994 72 28 110
20.247247 72 28 110
20.500501 72 28 110
20.753754 72 28 110
21.007007 72 29 111
21.260260 72 29 111
21.513514 72 29 111
21.766767 72 30 112
22.020020 72 30 112
22.273273 72 30 112
22.526527 72 30 112
22.779780 72 32 113
23.033033 72 32 113
23.286286 72 32 113
23.539540 72 32 113
23.792793 72 33 114
24.046046 72 33 114
24.299299 72 33 114
24.552553 72 33 114
24.805806 72 34 115
25.059059 72 34 115
25.312312 72 34 115
25.565566 72 34 115
25.818819 72 35 116
26.072072 72 35 116
26.325325 72 35 116
26.578579 72 35 116
26.831832 71 37 117
27.085085 71 37 117
27.338338 71 37 117
27.591592 71 37 117
27.844845 71 38 118
28.098098 71 38 118
28.351351 71 38 118
28.604605 71 38 118
28.857858 71 39 119
29.111111 71 39 119
29.364364 71 39 119
29.617618 71 39 119
29.870871 71 40 120
30.124124 71 40 120
30.377377 71 40 120
30.630631 71 40 120
30.883884 71 42 121
31.137137 71 42 121
31.390390 71 42 121
31.643644 71 43 122
31.896897 71 43 122
32.150150 71 43 122
32.403403 71 43 122
32.656657 71 44 123
32.909910 71 44 123
33.163163 71 44 123
33.416416 71 44 123
33.669670 70 45 124
33.922923 70 45 124
34.176176 70 45 124
34.429429 70 45 124
34.682683 70 47 124
34.935936 70 47 124
35.189189 70 47 124
35.442442 70 47 124
35.695696 70 48 125
35.948949 70 48 125
36.202202 70 48 125
36.455455 70 48 125
36.708709 70 49 126
36.961962 70 49 126
37.215215 70 49 126
37.468468 70 49 126
37.721722 69 50 127
37.974975 69 50 127
38.228228 69 50 127
38.481481 69 50 127
38.734735 69 52 127
38.987988 69 52 127
39.241241 69 52 127
39.494494 69 52 127
39.747748 69 53 128
40.001001 69 53 128
40.254254 69 53 128
40.507508 69 53 128
40.760761 69 54 129
41.014014 69 54 129
41.267267 69 54 129
41.520521 68 55 129
41.773774 68 55 129
42.027027 68 55 129
42.280280 68 55 129
42.533534 68 57 130
42.786787 68 57 130
43.040040 68 57 130
43.293293 68 57 130
43.546547 67 58 131
43.799800 67 58 131
44.053053 67 58 131
44.306306 67 58 131
44.559560 67 59 131
44.812813 67 59 131
45.066066 67 59 131
45.319319 67 59 131
45.572573 67 60 132
45.825826 67 60 132
46.079079 67 60 132
46.332332 67 60 132
46.585586 66 61 132
46.838839 66 61 132
47.092092 66 61 132
47.345345 66 61 132
47.598599 66 62 133
47.851852 66 62 133
48.105105 66 62 133
48.358358 66 62 133
48.611612 66 64 133
48.864865 66 64 133
49.118118 66 64 133
49.371371 66 64 133
49.624625 65 65 134
49.877878 65 65 134
50.131131 65 65 134
50.384384 65 65 134
50.637638 65 66 134
50.890891 65 66 134
51.144144 65 66 134
51.397397 65 66 134
51.650651 64 67 135
51.903904 64 67 135
52.157157 64 67 135
52.410410 64 68 135
52.663664 64 68 135
52.916917 64 68 135
53.170170 64 68 135
53.423423 63 69 135
53.676677 63 69 135
53.929930 63 69 135
54.183183 63 69 135
54.436436 63 71 136
54.689690 63 71 136
54.942943 63 71 136
55.196196 63 71 136
55.449449 62 72 136
55.702703 62 72 136
55.955956 62 72 136
56.209209 62 72 136
56.462462 62 73 137
56.715716 62 73 137
56.968969 62 73 137
57.222222 62 73 137
57.475475 61 74 137
57.728729 61 74 137
57.981982 61 74 137
58.235235 61 74 137
58.488488 61 75 137
58.741742 61 75 137
58.994995 61 75 137
59.248248 61 75 137
59.501502 61 76 137
59.754755 61 76 137
60.008008 61 76 137
60.261261 61 76 137
60.514515 60 77 138
60.767768 60 77 138
61.021021 60 77 138
61.274274 60 77 138
61.527528 60 78 138
61.780781 60 78 138
62.034034 60 78 138
62.287287 59 80 138
62.540541 59 80 138
62.793794 59 80 138
63.047047 59 80 138
63.300300 59 81 138
63.553554 59 81 138
63.806807 59 81 138
64.060060 59 81 138
64.313313 58 82 139
64.566567 58 82 139
64.819820 58 82 139
65.073073 58 82 139
65.326326 58 83 139
65.579580 58 83 139
65.832833 58 83 139
66.086086 58 83 139
66.339339 57 84 139
66.592593 57 84 139
66.845846 57 84 139
67.099099 57 84 139
67.352352 57 85 139
67.605606 57 85 139
67.858859 57 85 139
68.112112 57 85 139
68.365365 56 86 139
68.618619 56 86 139
68.871872 56 86 139
69.125125 56 86 139
69.378378 56 87 140
69.631632 56 87 140
69.884885 56 87 140
70.138138 56 87 140
70.391391 55 88 140
70.644645 55 88 140
70.897898 55 88 140
71.151151 55 88 140
71.404404 55 89 140
71.657658 55 89 140
71.910911 55 89 140
72.164164 54 90 140
72.417417 54 90 140
72.670671 54 90 140
72.923924 54 90 140
73.177177 54 91 140
73.430430 54 91 140
73.683684 54 91 140
73.936937 54 91 140
74.190190 53 92 140
74.443443 53 92 140
74.696697 53 92 140
74.949950 53 92 140
75.203203 53 93 140
75.456456 53 93 140
75.709710 53 93 140
75.962963 53 93 140
76.216216 52 94 141
76.469469 52 94 141
76.722723 52 94 141
76.975976 52 94 141
77.229229 52 95 141
77.482482 52 95 141
77.735736 52 95 141
77.988989 52 95 141
78.242242 51 96 141
78.495495 51 96 141
78.748749 51 96 141
79.002002 51 96 141
79.255255 51 97 141
79.508509 51 97 141
79.761762 51 97 141
80.015015 51 97 141
80.268268 50 98 141
80.521522 50 98 141
80.774775 50 98 141
81.028028 50 98 141
81.281281 50 99 141
81.534535 50 99 141
81.787788 50 99 141
82.041041 49 100 141
82.294294 49 100 141
82.547548 49 100 141
82.800801 49 100 141
83.054054 49 101 141
83.307307 49 101 141
83.560561 49 101 141
83.813814 49 101 141
84.067067 49 102 141
84.320320 49 102 141
84.573574 49 102 141
84.826827 49 102 141
85.080080 48 103 141
85.333333 48 103 141
85.586587 48 103 141
85.839840 48 103 141
86.093093 48 104 141
86.346346 48 104 141
86.599600 48 104 141
86.852853 48 104 141
87.106106 47 105 141
87.359359 47 105 141
87.612613 47 105 141
87.865866 47 105 141
88.119119 47 106 141
88.372372 47 106 141
88.625626 47 106 141
88.878879 47 106 141
89.132132 46 107 142
89.385385 46 107 142
89.638639 46 107 142
89.891892 46 107 142
90.145145 46 108 142
90.398398 46 108 142
90.651652 46 108 142
90.904905 46 108 142
91.158158 46 109 142
91.411411 46 109 142
91.664665 46 109 142
91.917918 46 109 142
92.171171 45 110 142
92.424424 45 110 142
92.677678 45 110 142
92.930931 45 111 142
93.184184 45 111 142
93.437437 45 111 142
93.690691 45 111 142
93.943944 44 112 142
94.197197 44 112 142
94.450450 44 112 142
94.703704 44 112 142
94.956957 44 113 142
95.210210 44 113 142
95.463463 44 113 142
95.716717 44 113 142
95.969970 44 114 142
96.223223 44 114 142
96.476476 44 114 142
96.729730 44 114 142
96.982983 43 115 142
97.236236 43 115 142
97.489489 43 115 142
97.742743 43 115 142
97.995996 43 116 142
98.249249 43 116 142
98.502503 43 116 142
98.755756 43 116 142
99.009009 42 117 142
99.262262 42 117 142
99.515516 42 117 142
99.768769 42 117 142
100.022022 42 118 142
100.275275 42 118 142
100.528529 42 118 142
100.781782 42 118 142
101.035035 42 119 142
101.288288 42 119 142
101.541542 42 119 142
101.794795 42 119 142
102.048048 41 120 142
102.301301 41 120 142
102.554555 41 120 142
102.807808 41 121 142
103.061061 41 121 142
103.314314 41 121 142
103.567568 41 121 142
103.820821 40 122 142
104.074074 40 122 142
104.327327 40 122 142
104.580581 40 122 142
104.833834 40 122 142
105.087087 40 122 142
105.340340 40 122 142
105.593594 40 122 142
105.846847 40 123 142
106.100100 40 123 142
106.353353 40 123 142
106.606607 40 123 142
106.859860 39 124 142
107.113113 39 124 142
107.366366 39 124 142
107.619620 39 124 142
107.872873 39 125 142
108.126126 39 125 142
108.379379 39 125 142
108.632633 39 125 142
108.885886 39 126 142
109.139139 39 126 142
109.392392 39 126 142
109.645646 39 126 142
109.898899 38 127 142
110.152152 38 127 142
110.405405 38 127 142
110.658659 38 127 142
110.911912 38 128 142
111.165165 38 128 142
111.418418 38 128 142
111.671672 38 128 142
111.924925 38 129 142
112.178178 38 129 142
112.431431 38 129 142
112.684685 37 130 142
112.937938 37 130 142
113.191191 37 130 142
113.444444 37 130 142
113.697698 37 131 141
113.950951 37 131 141
114.204204 37 131 141
114.457457 37 131 141
114.710711 36 132 141
114.963964 36 132 141
115.217217 36 132 141
115.470470 36 132 141
115.723724 36 133 141
115.976977 36 133 141
116.230230 36 133 141
116.483483 36 133 141
116.736737 36 134 141
116.989990 36 134 141
117.243243 36 134 141
117.496496 36 134 141
117.749750 35 135 141
118.003003 35 135 141
118.256256 35 135 141
118.509510 35 135 141
118.762763 35 136 141
119.016016 35 136 141
119.269269 35 136 141
119.522523 35 136 141
119.775776 35 137 141
120.029029 35 137 141
120.282282 35 137 141
120.535536 35 137 141
120.788789 34 137 141
121.042042 34 137 141
121.295295 34 137 141
121.548549 34 137 141
121.801802 34 138 141
122.055055 34 138 141
122.308308 34 138 141
122.561562 34 139 141
122.814815 34 139 141
123.068068 34 139 141
123.321321 34 139 141
123.574575 33 140 141
123.827828 33 140 141
124.081081 33 140 141
124.334334 33 140 141
124.587588 33 141 140
124.840841 33 141 140
125.094094 33 141 140
125.347347 33 141 140
125.600601 33 142 140
125.853854 33 142 140
126.107107 33 142 140
126.360360 33 142 140
126.613614 32 143 140
126.866867 32 143 140
127.120120 32 143 140
127.373373 32 143 140
127.626627 32 144 140
127.879880 32 144 140
128.133133 32 144 140
128.386386 32 144 140
128.639640 32 145 140
128.892893 32 145 140
129.146146 32 145 140
129.399399 32 145 140
129.652653 31 146 140
129.905906 31 146 140
130.159159 31 146 140
130.412412 31 146 140
130.665666 31 147 139
130.918919 31 147 139
131.172172 31 147 139
131.425425 31 147 139
131.678679 31 148 139
131.931932 31 148 139
132.185185 31 148 139
132.438438 31 148 139
132.691692 31 149 139
132.944945 31 149 139
133.198198 31 149 139
133.451451 31 150 139
133.704705 31 150 139
133.957958 31 150 139
134.211211 31 150 139
134.464464 30 151 138
134.717718 30 151 138
134.970971 30 151 138
135.224224 30 151 138
135.477477 30 152 138
135.730731 30 152 138
135.983984 30 152 138
136.237237 30 152 138
136.490490 30 153 138
136.743744 30 153 138
136.996997 30 153 138
137.250250 30 153 138
137.503504 30 153 138
137.756757 30 153 138
138.010010 30 153 138
138.263263 30 153 138
138.516517 30 154 137
138.769770 30 154 137
139.023023 30 154 137
139.276276 30 154 137
139.529530 30 155 137
139.782783 30 155 137
140.036036 30 155 137
140.289289 30 155 137
140.542543 30 156 137
140.795796 30 156 137
141.049049 30 156 137
141.302302 30 156 137
141.555556 30 157 136
141.808809 30 157 136
142.062062 30 157 136
142.315315 30 157 136
142.568569 30 158 136
142.821822 30 158 136
143.075075 30 158 136
143.328328 30 159 136
143.581582 30 159 136
143.834835 30 159 136
144.088088 30 159 136
144.341341 30 160 135
144.594595 30 160 135
144.847848 30 160 135
145.101101 30 160 135
145.354354 31 161 135
145.607608 31 161 135
145.860861 31 161 135
146.114114 31 161 135
146.367367 31 162 134
146.620621 31 162 134
146.873874 31 162 134
147.127127 31 162 134
147.380380 31 163 134
147.633634 31 163 134
147.886887 31 163 134
148.140140 31 163 134
148.393393 32 164 133
148.646647 32 164 133
148.899900 32 164 133
149.153153 32 164 133
149.406406 32 165 133
149.659660 32 165 133
149.912913 32 165 133
150.166166 32 165 133
150.419419 33 166 133
150.672673 33 166 133
150.925926 33 166 133
151.179179 33 166 133
151.432432 33 167 132
151.685686 33 167 132
151.938939 33 167 132
152.192192 33 167 132
152.445445 34 167 132
152.698699 34 167 132
152.951952 34 167 132
153.205205 35 168 131
153.458458 35 168 131
153.711712 35 168 131
153.964965 35 168 131
154.218218 35 169 130
154.471471 35 169 130
154.724725 35 169 130
154.977978 35 169 130
155.231231 36 170 130
155.484484 36 170 130
155.737738 36 170 130
155.990991 36 170 130
156.244244 37 171 129
156.497497 37 171 129
156.750751 37 171 129
157.004004 37 171 129
157.257257 38 172 129
157.510511 38 172 129
157.763764 38 172 129
158.017017 38 172 129
158.270270 39 173 128
158.523524 39 173 128
158.776777 39 173 128
159.030030 39 173 128
159.283283 40 174 127
159.536537 40 174 127
159.789790 40 174 127
160.043043 40 174 127
160.296296 41 175 127
160.549550 41 175 127
160.802803 41 175 127
161.056056 41 175 127
161.309309 42 176 126
161.562563 42 176 126
161.815816 42 176 126
162.069069 42 176 126
162.322322 43 177 125
162.575576 43 177 125
162.828829 43 177 125
163.082082 44 177 125
163.335335 44 177 125
163.588589 44 177 125
163.841842 44 177 125
164.095095 46 178 124
164.348348 46 178 124
164.601602 46 178 124
164.854855 46 178 124
165.108108 47 179 123
165.361361 47 179 123
165.614615 47 179 123
165.867868 47 179 123
166.121121 48 180 122
166.374374 48 180 122
166.627628 48 180 122
166.880881 48 180 122
167.134134 50 181 122
167.387387 50 181 122
167.640641 50 181 122
167.893894 50 181 122
168.147147 51 182 121
168.400400 51 182 121
168.653654 51 182 121
168.906907 51 182 121
169.160160 53 183 120
169.413413 53 183 120
169.666667 53 183 120
169.919920 53 183 120
170.173173 54 184 119
170.426426 54 184 119
170.679680 54 184 119
170.932933 54 184 119
171.186186 56 185 118
171.439439 56 185 118
171.692693 56 185 118
171.945946 56 185 118
172.199199 57 185 118
172.452452 57 185 118
172.705706 57 185 118
172.958959 57 185 118
173.212212 59 186 117
173.465465 59 186 117
173.718719 59 186 117
173.971972 61 187 116
174.225225 61 187 116
174.478478 61 187 116
174.731732 61 187 116
174.984985 62 188 115
175.238238 62 188 115
175.491491 62 188 115
175.744745 62 188 115
175.997998 64 189 114
176.251251 64 189 114
176.504505 64 189 114
176.757758 64 189 114
177.011011 66 190 113
177.264264 66 190 113
177.517518 66 190 113
177.770771 66 190 113
178.024024 68 190 112
178.277277 68 190 112
178.530531 68 190 112
178.783784 68 190 112
179.037037 69 191 111
179.290290 69 191 111
179.543544 69 191 111
179.796797 69 191 111
180.050050 71 192 110
180.303303 71 192 110
180.556557 71 192 110
180.809810 71 192 110
181.063063 73 193 109
181.316316 73 193 109
181.569570 73 193 109
181.822823 73 193 109
182.076076 75 194 108
182.329329 75 194 108
182.582583 75 194 108
182.835836 75 194 108
183.089089 77 194 107
183.342342 77 194 107
183.595596 77 194 107
183.848849 79 195 105
184.102102 79 195 105
184.355355 79 195 105
184.608609 79 195 105
184.861862 81 196 104
185.115115 81 196 104
185.368368 81 196 104
185.621622 81 196 104
185.874875 83 197 103
186.128128 83 197 103
186.381381 83 197 103
186.634635 83 197 103
186.887888 85 198 102
187.141141 85 198 102
187.394394 85 198 102
187.647648 85 198 102
187.900901 87 198 101
188.154154 87 198 101
188.407407 87 198 101
188.660661 87 198 101
188.913914 89 199 100
189.167167 89 199 100
189.420420 89 199 100
189.673674 89 199 100
189.926927 91 200 98
190.180180 91 200 98
190.433433 91 200 98
190.686687 91 200 98
190.939940 94 201 97
191.193193 94 201 97
191.446446 94 201 97
191.699700 94 201 97
191.952953 96 201 96
192.206206 96 201 96
192.459459 96 201 96
192.712713 96 201 96
192.965966 98 202 95
193.219219 98 202 95
193.472472 98 202 95
193.725726 100 203 93
193.978979 100 203 93
194.232232 100 203 93
194.485485 100 203 93
194.738739 103 204 92
194.991992 103 204 92
195.245245 103 204 92
195.498498 103 204 92
195.751752 105 204 91
196.005005 105 204 91
196.258258 105 204 91
196.511512 105 204 91
196.764765 107 205 89
197.018018 107 205 89
197.271271 107 205 89
197.524525 107 205 89
197.777778 109 206 88
198.031031 109 206 88
198.284284 109 206 88
198.537538 109 206 88
198.790791 112 206 86
199.044044 112 206 86
199.297297 112 206 86
199.550551 112 206 86
199.803804 114 207 85
200.057057 114 207 85
200.310310 114 207 85
200.563564 114 207 85
200.816817 116 208 84
201.070070 116 208 84
201.323323 116 208 84
201.576577 116 208 84
201.829830 119 208 82
202.083083 119 208 82
202.336336 119 208 82
202.589590 119 208 82
202.842843 121 209 81
203.096096 121 209 81
203.349349 121 209 81
203.602603 124 210 79
203.855856 124 210 79
204.109109 124 210 79
204.362362 124 210 79
204.615616 126 210 78
204.868869 126 210 78
205.122122 126 210 78
205.375375 126 210 78
205.628629 129 211 76
205.881882 129 211 76
206.135135 129 211 76
206.388388 129 211 76
206.641642 131 211 75
206.894895 131 211 75
207.148148 131 211 75
207.401401 131 211 75
207.654655 134 212 73
207.907908 134 212 73
208.161161 134 212 73
208.414414 134 212 73
208.667668 136 213 71
208.920921 136 213 71
209.174174 136 213 71
209.427427 136 213 71
209.680681 139 213 70
209.933934 139 213 70
210.187187 139 213 70
210.440440 139 213 70
210.693694 141 214 68
210.946947 141 214 68
211.200200 141 214 68
211.453453 141 214 68
211.706707 144 214 67
211.959960 144 214 67
212.213213 144 214 67
212.466466 144 214 67
212.719720 146 215 65
212.972973 146 215 65
213.226226 146 215 65
213.479479 146 215 65
213.732733 149 215 63
213.985986 149 215 63
214.239239 149 215 63
214.492492 151 216 62
214.745746 151 216 62
214.998999 151 216 62
215.252252 151 216 62
215.505506 154 216 60
215.758759 154 216 60
216.012012 154 216 60
216.265265 154 216 60
216.518519 157 217 58
216.771772 157 217 58
217.025025 157 217 58
217.278278 157 217 58
217.531532 159 217 56
217.784785 159 217 56
218.038038 159 217 56
218.291291 159 217 56
218.544545 162 218 55
218.797798 162 218 55
219.051051 162 218 55
219.304304 162 218 55
219.557558 165 218 53
219.810811 165 218 53
220.064064 165 218 53
220.317317 165 218 53
220.570571 167 219 51
220.823824 167 219 51
221.077077 167 219 51
221.330330 167 219 51
221.583584 170 219 50
221.836837 170 219 50
222.090090 170 219 50
222.343343 170 219 50
222.596597 173 220 48
222.849850 173 220 48
223.103103 173 220 48
223.356356 173 220 48
223.609610 175 220 46
223.862863 175 220 46
224.116116 175 220 46
224.369369 178 221 44
224.622623 178 221 44
224.875876 178 221 44
225.129129 178 221 44
225.382382 181 221 43
225.635636 181 221 43
225.888889 181 221 43
226.142142 181 221 43
226.395395 183 221 41
226.648649 183 221 41
226.901902 183 221 41
227.155155 183 221 41
227.408408 186 222 39
227.661662 186 222 39
227.914915 186 222 39
228.168168 186 222 39
228.421421 189 222 38
228.674675 189 222 38
228.927928 189 222 38
229.181181 189 222 38
229.434434 191 223 36
229.687688 191 223 36
229.940941 191 223 36
230.194194 191 223 36
230.447447 194 223 34
230.700701 194 223 34
230.953954 194 223 34
231.207207 194 223 34
231.460460 197 223 33
231.713714 197 223 33
231.966967 197 223 33
232.220220 197 223 33
232.473473 199 224 31
232.726727 199 224 31
232.979980 199 224 31
233.233233 199 224 31
233.486486 202 224 30
233.739740 202 224 30
233.992993 202 224 30
234.246246 205 224 29
234.499499 205 224 29
234.752753 205 224 29
235.006006 205 224 29
235.259259 207 225 28
235.512513 207 225 28
235.765766 207 225 28
236.019019 207 225 28
236.272272 210 225 27
236.525526 210 225 27
236.778779 210 225 27
237.032032 210 225 27
237.285285 212 225 26
237.538539 212 225 26
237.791792 212 225 26
238.045045 212 225 26
238.298298 215 226 25
238.551552 215 226 25
238.804805 215 226 25
239.058058 215 226 25
239.311311 218 226 24
239.564565 218 226 24
239.817818 218 226 24
240.071071 218 226 24
240.324324 220 226 24
240.577578 220 226 24
240.830831 220 226 24
241.084084 220 226 24
241.337337 223 227 24
241.590591 223 227 24
241.843844 223 227 24
242.097097 223 227 24
242.350350 225 227 24
242.603604 225 227 24
242.856857 225 227 24
243.110110 225 227 24
243.363363 228 227 24
243.616617 228 227 24
243.869870 228 227 24
244.123123 231 228 25
244.376376 231 228 25
244.629630 231 228 25
244.882883 231 228 25
245.136136 233 228 25
245.389389 233 228 25
245.642643 233 228 25
245.895896 233 228 25
246.149149 236 228 26
246.402402 236 228 26
246.655656 236 228 26
246.908909 236 228 26
247.162162 238 229 27
247.415415 238 229 27
247.668669 238 229 27
247.921922 238 229 27
248.175175 241 229 28
248.428428 241 229 28
248.681682 241 229 28
248.934935 241 229 28
249.188188 243 229 30
249.441441 243 229 30
249.694695 243 229 30
249.947948 243 229 30
250.201201 246 230 31
250.454454 246 230 31
250.707708 246 230 31
250.960961 246 230 31
251.214214 248 230 33
251.467467 248 230 33
251.720721 248 230 33
251.973974 248 230 33
252.227227 250 230 34
252.480480 250 230 34
252.733734 250 230 34
252.986987 250 230 34
253.240240 253 231 36
253.493493 253 231 36
253.746747 253 231 36
254.000000 253 231 36
254.001001 253 231 36
